start	end	level	selected	size
1	32	3	2	32
1	35	4	2	35
10	25	2	2	16
13	13	0	1	1
28	28	0	1	1
32	32	0	1	1
38	38	0	1	1
39	39	0	4	1
40	40	0	1	1
42	42	0	4	1
46	340	5	2	295
47	47	0	1	1
47	340	4	2	294
49	49	0	1	1
51	51	0	1	1
52	52	0	1	1
54	260	1	2	207
54	340	3	2	287
55	55	0	1	1
67	67	0	1	1
101	101	0	1	1
109	109	0	1	1
114	114	0	1	1
158	158	0	1	1
174	174	0	1	1
201	201	0	1	1
210	210	0	1	1
213	213	0	1	1
247	247	0	1	1
251	251	0	1	1
341	341	0	4	1
342	342	0	4	1
343	343	0	4	1
347	347	0	1	1
348	348	0	1	1
349	349	0	4	1
351	351	0	4	1
352	661	4	2	310
352	663	5	2	312
352	666	6	2	315
353	353	0	1	1
368	372	3	2	5
371	371	0	1	1
374	374	0	1	1
375	375	0	1	1
375	388	1	2	14
375	551	2	2	177
375	650	3	2	276
379	379	0	1	1
387	387	0	1	1
388	388	0	1	1
396	402	1	2	7
397	397	0	1	1
398	398	0	1	1
417	521	1	2	105
423	423	0	1	1
428	428	0	1	1
429	429	0	1	1
449	449	0	1	1
475	475	0	1	1
477	477	0	1	1
479	479	0	1	1
482	482	0	1	1
486	486	0	1	1
487	487	0	1	1
489	489	0	1	1
494	494	0	1	1
501	501	0	1	1
556	618	1	2	63
556	624	2	2	69
572	572	0	1	1
651	661	3	2	11
653	653	0	1	1
656	656	0	5	1
667	667	0	1	1
671	1076	5	2	406
672	672	0	1	1
673	673	0	1	1
675	1076	4	2	402
676	1076	3	2	401
677	680	2	2	4
678	678	0	1	1
685	685	0	1	1
689	708	2	2	20
702	702	0	1	1
711	1076	2	2	366
713	716	1	2	4
714	714	0	1	1
717	1076	1	2	360
755	755	0	1	1
757	757	0	1	1
816	816	0	1	1
824	824	0	1	1
979	979	0	1	1
981	981	0	1	1
1036	1036	0	1	1
1057	1057	0	1	1
